name: DeepCVlab2
channels:
  - conda-forge
  - defaults
dependencies:
  - asttokens=3.0.0=pyhd8ed1ab_1
  - bzip2=1.0.8=h2bbff1b_6
  - ca-certificates=2025.2.25=haa95532_0
  - colorama=0.4.6=pyhd8ed1ab_1
  - comm=0.2.2=pyhd8ed1ab_1
  - cpython=3.13.2=py313hd8ed1ab_101
  - debugpy=1.8.13=py313h5813708_0
  - decorator=5.2.1=pyhd8ed1ab_0
  - exceptiongroup=1.2.2=pyhd8ed1ab_1
  - executing=2.1.0=pyhd8ed1ab_1
  - expat=2.6.4=h8ddb27b_0
  - freetype=2.12.1=ha860e81_0
  - importlib-metadata=8.6.1=pyha770c72_0
  - ipykernel=6.29.5=pyh4bbf305_0
  - ipython=9.0.2=pyhca29cf9_0
  - ipython_pygments_lexers=1.1.1=pyhd8ed1ab_0
  - jedi=0.19.2=pyhd8ed1ab_1
  - jpeg=9e=h827c3e9_3
  - jupyter_client=8.6.3=pyhd8ed1ab_1
  - jupyter_core=5.7.2=pyh5737063_1
  - krb5=1.21.3=hdf4eb48_0
  - lcms2=2.16=hb4a4139_0
  - lerc=4.0.0=h5da7b33_0
  - libdeflate=1.22=h5bf469e_0
  - libffi=3.4.4=hd77b12b_1
  - libmpdec=4.0.0=h827c3e9_0
  - libpng=1.6.39=h8cc25b3_0
  - libsodium=1.0.20=hc70643c_0
  - libtiff=4.5.1=h44ae7cf_1
  - libwebp-base=1.3.2=h3d04722_1
  - lz4-c=1.9.4=h2bbff1b_1
  - matplotlib-inline=0.1.7=pyhd8ed1ab_1
  - nest-asyncio=1.6.0=pyhd8ed1ab_1
  - openjpeg=2.5.2=hae555c5_0
  - openssl=3.4.1=ha4e3fda_0
  - packaging=24.2=pyhd8ed1ab_2
  - parso=0.8.4=pyhd8ed1ab_1
  - pickleshare=0.7.5=pyhd8ed1ab_1004
  - pip=25.0=py313haa95532_0
  - platformdirs=4.3.7=pyh29332c3_0
  - prompt-toolkit=3.0.50=pyha770c72_0
  - psutil=7.0.0=py313ha7868ed_0
  - pure_eval=0.2.3=pyhd8ed1ab_1
  - pygments=2.19.1=pyhd8ed1ab_0
  - python=3.13.2=hadb2040_100_cp313
  - python-dateutil=2.9.0.post0=pyhff2d567_1
  - python_abi=3.13=0_cp313
  - pywin32=307=py313h5813708_3
  - pyzmq=26.3.0=py313h2100fd5_0
  - setuptools=75.8.0=py313haa95532_0
  - six=1.17.0=pyhd8ed1ab_0
  - sqlite=3.45.3=h2bbff1b_0
  - stack_data=0.6.3=pyhd8ed1ab_1
  - tk=8.6.14=h0416ee5_0
  - tornado=6.4.2=py313ha7868ed_0
  - traitlets=5.14.3=pyhd8ed1ab_1
  - typing_extensions=4.12.2=pyha770c72_1
  - ucrt=10.0.22621.0=h57928b3_1
  - vc=14.42=haa95532_4
  - vc14_runtime=14.42.34438=hfd919c2_24
  - vs2015_runtime=14.42.34438=h7142326_24
  - wcwidth=0.2.13=pyhd8ed1ab_1
  - wheel=0.45.1=py313haa95532_0
  - xz=5.6.4=h4754444_1
  - zeromq=4.3.5=ha9f60a1_7
  - zipp=3.21.0=pyhd8ed1ab_1
  - zlib=1.2.13=h8cc25b3_1
  - zstd=1.5.6=h8880b57_0
  - pip:
      - contourpy==1.3.1
      - cycler==0.12.1
      - filelock==3.13.1
      - fonttools==4.56.0
      - fsspec==2024.6.1
      - jinja2==3.1.4
      - kiwisolver==1.4.8
      - markupsafe==2.1.5
      - matplotlib==3.10.1
      - mpmath==1.3.0
      - networkx==3.3
      - numpy==2.1.2
      - pandas==2.2.3
      - pillow==11.0.0
      - pycocotools==2.0.8
      - pyparsing==3.2.3
      - pytz==2025.2
      - sympy==1.13.1
      - torch==2.6.0+cu126
      - torchaudio==2.6.0+cu126
      - torchvision==0.21.0+cu126
      - tzdata==2025.2
prefix: C:\Users\CVML_5\anaconda3\envs\DeepCVlab2
